# HARDISP tidal potential constituents (IERS Conventions 2010, Ch. 7, routine ADMINT/HARDISP).
# 342 constituents: Doodson-style argument multipliers (6 integers, Cartwright-Tayler-Edden convention
# as used by TDFRPH) and the tidal potential amplitude TAMP. Transcribed unchanged from the official
# IERS HARDISP distribution (ADMINT.F, D.C. Agnew; IERS Conventions software).
# columns: i1 i2 i3 i4 i5 i6 tamp
  2   0   0   0   0   0   0.632208
  2   2  -2   0   0   0   0.294107
  2  -1   0   1   0   0   0.121046
  2   2   0   0   0   0   0.079915
  2   2   0   0   1   0   0.023818
  2   0   0   0  -1   0  -0.023589
  2  -1   2  -1   0   0   0.022994
  2  -2   2   0   0   0   0.019333
  2   1   0  -1   0   0  -0.017871
  2   2  -3   0   0   1   0.017192
  2  -2   0   2   0   0   0.016018
  2  -3   2   1   0   0   0.004671
  2   1  -2   1   0   0  -0.004662
  2  -1   0   1  -1   0  -0.004519
  2   3   0  -1   0   0   0.004470
  2   1   0   1   0   0   0.004467
  2   2   0   0   2   0   0.002589
  2   2  -1   0   0  -1  -0.002455
  2   0  -1   0   0   1  -0.002172
  2   1   0   1   1   0   0.001972
  2   3   0  -1   1   0   0.001947
  2   0   1   0   0  -1   0.001914
  2   0  -2   2   0   0  -0.001898
  2  -3   0   3   0   0   0.001802
  2  -2   3   0   0  -1   0.001304
  2   4   0   0   0   0   0.001170
  2  -1   1   1   0  -1   0.001130
  2  -1   3  -1   0  -1   0.001061
  2   2   0   0  -1   0  -0.001022
  2  -1  -1   1   0   1  -0.001017
  2   4   0   0   1   0   0.001014
  2  -3   4  -1   0   0   0.000901
  2  -1   2  -1  -1   0  -0.000857
  2   3  -2   1   0   0   0.000855
  2   1   2  -1   0   0   0.000855
  2  -4   2   2   0   0   0.000772
  2   4  -2   0   0   0   0.000741
  2   0   2   0   0   0   0.000741
  2  -2   2   0  -1   0  -0.000721
  2   2  -4   0   0   2   0.000698
  2   2  -2   0  -1   0   0.000658
  2   1   0  -1  -1   0   0.000654
  2  -1   1   0   0   0  -0.000653
  2   2  -1   0   0   1   0.000633
  2   2   1   0   0  -1   0.000626
  2  -2   0   2  -1   0  -0.000598
  2  -2   4  -2   0   0   0.000590
  2   2   2   0   0   0   0.000544
  2  -4   4   0   0   0   0.000479
  2  -1   0  -1  -2   0  -0.000464
  2   1   2  -1   1   0   0.000413
  2  -1  -2   3   0   0  -0.000390
  2   3  -2   1   1   0   0.000373
  2   4   0  -2   0   0   0.000366
  2   0   0   2   0   0   0.000366
  2   0   2  -2   0   0  -0.000360
  2   0   2   0   1   0  -0.000355
  2  -3   3   1   0  -1   0.000354
  2   0   0   0  -2   0   0.000329
  2   4   0   0   2   0   0.000328
  2   4  -2   0   1   0   0.000319
  2   0   0   0   0   2   0.000302
  2   1   0   1   2   0   0.000279
  2   0  -2   0  -2   0  -0.000274
  2  -2   1   0   0   1  -0.000272
  2  -2   1   2   0  -1   0.000248
  2  -1   1  -1   0   1  -0.000225
  2   5   0  -1   0   0   0.000224
  2   1  -3   1   0   1  -0.000223
  2  -2  -1   2   0   1  -0.000216
  2   3   0  -1   2   0   0.000211
  2   1  -2   1  -1   0   0.000209
  2   5   0  -1   1   0   0.000194
  2  -4   0   4   0   0   0.000185
  2  -3   2   1  -1   0  -0.000174
  2  -2   1   1   0   0  -0.000171
  2   4   0  -2   1   0   0.000159
  2   0   0   2   1   0   0.000131
  2  -5   4   1   0   0   0.000127
  2   0   2   0   2   0   0.000120
  2  -1   2   1   0   0   0.000118
  2   5  -2  -1   0   0   0.000117
  2   1  -1   0   0   0   0.000108
  2   2  -2   0   0   2   0.000107
  2  -5   2   3   0   0   0.000105
  2  -1  -2   1  -2   0  -0.000102
  2  -3   5  -1   0  -1   0.000102
  2  -1   0   0   0   1   0.000099
  2  -2   0   0  -2   0  -0.000096
  2   0  -1   1   0   0   0.000095
  2  -3   1   1   0   1  -0.000089
  2   3   0  -1  -1   0  -0.000085
  2   1   0   1  -1   0  -0.000084
  2  -1   2   1   1   0  -0.000081
  2   0  -3   2   0   1  -0.000077
  2   1  -1  -1   0   1  -0.000072
  2  -3   0   3  -1   0  -0.000067
  2   0  -2   2  -1   0   0.000066
  2  -4   3   2   0  -1   0.000064
  2  -1   0   1  -2   0   0.000063
  2   5   0  -1   2   0   0.000063
  2  -4   5   0   0  -1   0.000063
  2  -2   4   0   0  -2   0.000062
  2  -1   0   1   0   2   0.000062
  2  -2  -2   4   0   0  -0.000060
  2   3  -2  -1  -1   0   0.000056
  2  -2   5  -2   0  -1   0.000053
  2   0  -1   0  -1   1   0.000051
  2   5  -2  -1   1   0   0.000050
  1   1   0   0   0   0   0.368645
  1  -1   0   0   0   0  -0.262232
  1   1  -2   0   0   0  -0.121995
  1  -2   0   1   0   0  -0.050208
  1   1   0   0   1   0   0.050031
  1  -1   0   0  -1   0  -0.049470
  1   2   0  -1   0   0   0.020620
  1   0   0   1   0   0   0.020613
  1   3   0   0   0   0   0.011279
  1  -2   2  -1   0   0  -0.009530
  1  -2   0   1  -1   0  -0.009469
  1  -3   2   0   0   0  -0.008012
  1   0   0  -1   0   0   0.007414
  1   1   0   0  -1   0  -0.007300
  1   3   0   0   1   0   0.007227
  1   1  -3   0   0   1  -0.007131
  1  -3   0   2   0   0  -0.006644
  1   1   2   0   0   0   0.005249
  1   0   0   1   1   0   0.004137
  1   2   0  -1   1   0   0.004087
  1   0   2  -1   0   0   0.003944
  1   2  -2   1   0   0   0.003943
  1   3  -2   0   0   0   0.003420
  1  -1   2   0   0   0   0.003418
  1   1   1   0   0  -1   0.002885
  1   1  -1   0   0   1   0.002884
  1   4   0  -1   0   0   0.002160
  1  -4   2   1   0   0  -0.001936
  1   0  -2   1   0   0   0.001934
  1  -2   2  -1  -1   0  -0.001798
  1   3   0  -2   0   0   0.001690
  1  -1   0   2   0   0   0.001689
  1  -1   0   0  -2   0   0.001516
  1   3   0   0   2   0   0.001514
  1  -3   2   0  -1   0  -0.001511
  1   4   0  -1   1   0   0.001383
  1   0   0  -1  -1   0   0.001372
  1   1  -2   0  -1   0   0.001371
  1  -3   0   2  -1   0  -0.001253
  1   1   0   0   2   0  -0.001075
  1   1  -1   0   0  -1   0.001020
  1  -1  -1   0   0   1   0.000901
  1   0   2  -1   1   0   0.000865
  1  -1   1   0   0  -1  -0.000794
  1  -1  -2   2   0   0   0.000788
  1   2  -2   1   1   0   0.000782
  1  -4   0   3   0   0  -0.000747
  1  -1   2   0   1   0  -0.000745
  1   3  -2   0   1   0   0.000670
  1   2   0  -1  -1   0  -0.000603
  1   0   0   1  -1   0  -0.000597
  1  -2   2   1   0   0   0.000542
  1   4  -2  -1   0   0   0.000542
  1  -3   3   0   0  -1  -0.000541
  1  -2   1   1   0  -1  -0.000469
  1  -2   3  -1   0  -1  -0.000440
  1   0  -2   1  -1   0   0.000438
  1  -2  -1   1   0   1   0.000422
  1   4  -2   1   0   0   0.000410
  1  -4   4  -1   0   0  -0.000374
  1  -4   2   1  -1   0  -0.000365
  1   5  -2   0   0   0   0.000345
  1   3   0  -2   1   0   0.000335
  1  -5   2   2   0   0  -0.000321
  1   2   0   1   0   0  -0.000319
  1   1   3   0   0  -1   0.000307
  1  -2   0   1  -2   0   0.000291
  1   4   0  -1   2   0   0.000290
  1   1  -4   0   0   2  -0.000289
  1   5   0  -2   0   0   0.000286
  1  -1   0   2   1   0   0.000275
  1  -2   1   0   0   0   0.000271
  1   4  -2   1   1   0   0.000263
  1  -3   4  -2   0   0  -0.000245
  1  -1   3   0   0  -1   0.000225
  1   3  -3   0   0   1   0.000225
  1   5  -2   0   1   0   0.000221
  1   1   2   0   1   0  -0.000202
  1   2   0   1   1   0  -0.000200
  1  -5   4   0   0   0  -0.000199
  1  -2   0  -1  -2   0   0.000192
  1   5   0  -2   1   0   0.000183
  1   1   2  -2   0   0   0.000183
  1   1  -2   2   0   0   0.000183
  1  -2   2   1   1   0  -0.000170
  1   0   3  -1   0  -1   0.000169
  1   2  -3   1   0   1   0.000168
  1  -2  -2   3   0   0   0.000162
  1  -1   2  -2   0   0   0.000149
  1  -4   3   1   0  -1  -0.000147
  1  -4   0   3  -1   0  -0.000141
  1  -1  -2   2  -1   0   0.000138
  1  -2   0   3   0   0   0.000136
  1   4   0  -3   0   0   0.000136
  1   0   1   1   0  -1   0.000127
  1   2  -1  -1   0   1   0.000127
  1   2  -2   1  -1   0  -0.000126
  1   0   0  -1  -2   0  -0.000121
  1   2   0   1   2   0  -0.000121
  1   2  -2  -1  -1   0   0.000117
  1   0   0   1   2   0  -0.000116
  1   0   1   0   0   0  -0.000114
  1   2  -1   0   0   0  -0.000114
  1   0   2  -1  -1   0  -0.000114
  1  -1  -2   0  -2   0   0.000114
  1  -3   1   0   0   1   0.000113
  1   3  -2   0  -1   0   0.000109
  1  -1  -1   0  -1   1   0.000108
  1   4  -2  -1   1   0   0.000106
  1   2   1  -1   0  -1  -0.000106
  1   0  -1   1   0   1  -0.000106
  1  -2   4  -1   0   0   0.000105
  1   4  -4   1   0   0   0.000104
  1  -3   1   2   0  -1  -0.000103
  1  -3   3   0  -1  -1  -0.000100
  1   1   2   0   2   0  -0.000100
  1   1  -2   0  -2   0  -0.000100
  1   3   0   0   3   0   0.000099
  1  -1   2   0  -1   0  -0.000098
  1  -2   1  -1   0   1   0.000093
  1   0  -3   1   0   1   0.000093
  1  -3  -1   2   0   1   0.000090
  1   2   0  -1   2   0  -0.000088
  1   6  -2  -1   0   0   0.000083
  1   2   2  -1   0   0  -0.000083
  1  -1   1   0  -1  -1  -0.000082
  1  -2   3  -1  -1  -1  -0.000081
  1  -1   0   0   0   2  -0.000079
  1  -5   0   4   0   0  -0.000077
  1   1   0   0   0  -2  -0.000075
  1  -2   1   1  -1  -1  -0.000075
  1   1  -1   0   1   1  -0.000075
  1   1   2   0   0  -2   0.000071
  1  -3   1   1   0   0   0.000071
  1  -4   4  -1  -1   0  -0.000071
  1   1   0  -2  -1   0   0.000068
  1  -2  -1   1  -1   1   0.000068
  1  -3   2   2   0   0   0.000065
  1   5  -2  -2   0   0   0.000065
  1   3  -4   2   0   0   0.000064
  1   1  -2   0   0   2   0.000064
  1  -1   4  -2   0   0   0.000064
  1   2   2  -1   1   0  -0.000064
  1  -5   2   2  -1   0  -0.000060
  1   1  -3   0  -1   1   0.000056
  1   1   1   0   1  -1   0.000056
  1   6  -2  -1   1   0   0.000053
  1  -2   2  -1  -2   0   0.000053
  1   4  -2   1   2   0   0.000053
  1  -6   4   1   0   0  -0.000053
  1   5  -4   0   0   0   0.000053
  1  -3   4   0   0   0   0.000053
  1   1   2  -2   1   0   0.000052
  1  -2   1   0  -1   0   0.000050
  0   2   0   0   0   0  -0.066607
  0   1   0  -1   0   0  -0.035184
  0   0   2   0   0   0  -0.030988
  0   0   0   0   1   0   0.027929
  0   2   0   0   1   0  -0.027616
  0   3   0  -1   0   0  -0.012753
  0   1  -2   1   0   0  -0.006728
  0   2  -2   0   0   0  -0.005837
  0   3   0  -1   1   0  -0.005286
  0   0   1   0   0  -1  -0.004921
  0   2   0  -2   0   0  -0.002884
  0   2   0   0   2   0  -0.002583
  0   3  -2   1   0   0  -0.002422
  0   1   0  -1  -1   0   0.002310
  0   1   0  -1   1   0   0.002283
  0   4  -2   0   0   0  -0.002037
  0   1   0   1   0   0   0.001883
  0   0   3   0   0  -1  -0.001811
  0   4   0  -2   0   0  -0.001687
  0   3  -2   1   1   0  -0.001004
  0   3  -2  -1   0   0  -0.000925
  0   4  -2   0   1   0  -0.000844
  0   0   2   0   1   0   0.000766
  0   1   0   1   1   0   0.000766
  0   4   0  -2   1   0  -0.000700
  0   3   0  -1   2   0  -0.000495
  0   5  -2  -1   0   0  -0.000492
  0   1   2  -1   0   0   0.000491
  0   1  -2   1  -1   0   0.000483
  0   1  -2   1   1   0   0.000437
  0   2  -2   0  -1   0  -0.000416
  0   2  -3   0   0   1  -0.000384
  0   2  -2   0   1   0   0.000374
  0   0   2  -2   0   0  -0.000312
  0   1  -3   1   0   1  -0.000288
  0   0   0   0   2   0  -0.000273
  0   0   1   0   0   1   0.000259
  0   1   2  -1   1   0   0.000245
  0   3   0  -3   0   0  -0.000232
  0   2   1   0   0  -1   0.000229
  0   1  -1  -1   0   1  -0.000216
  0   1   0   1   2   0   0.000206
  0   5  -2  -1   1   0  -0.000204
  0   2  -1   0   0   1  -0.000202
  0   2   2  -2   0   0   0.000200
  0   1  -1   0   0   0   0.000195
  0   5   0  -3   0   0  -0.000190
  0   2   0  -2   1   0   0.000187
  0   1   1  -1   0  -1   0.000180
  0   3  -4   1   0   0  -0.000179
  0   0   2   0   2   0   0.000170
  0   2   0  -2  -1   0   0.000153
  0   4  -3   0   0   1  -0.000137
  0   3  -1  -1   0   1  -0.000119
  0   0   2   0   0  -2  -0.000119
  0   3  -3   1   0   1  -0.000112
  0   2  -4   2   0   0  -0.000110
  0   4  -2  -2   0   0  -0.000110
  0   3   1  -1   0  -1   0.000107
  0   5  -4   1   0   0  -0.000095
  0   3  -2  -1  -1   0  -0.000095
  0   3  -2   1   2   0  -0.000091
  0   4  -4   0   0   0  -0.000090
  0   6  -2  -2   0   0  -0.000081
  0   5   0  -3   1   0  -0.000079
  0   4  -2   0   2   0  -0.000079
  0   2   2  -2   1   0   0.000077
  0   0   4   0   0  -2  -0.000073
  0   3  -1   0   0   0   0.000069
  0   3  -3  -1   0   1  -0.000067
  0   4   0  -2   2   0  -0.000066
  0   1  -2  -1  -1   0   0.000065
  0   2  -1   0   0  -1   0.000064
  0   4  -4   2   0   0  -0.000062
  0   2   1   0   1  -1   0.000060
  0   3  -2  -1   1   0   0.000059
  0   4  -3   0   1   1  -0.000056
  0   2   0   0   3   0   0.000055
  0   6  -4   0   0   0  -0.000051
